,25,,,,,,51,,,,,61,90,,,,,53,,73,46,2,,,,85,,,,17,,,,27,,,,16,,,,87,,39,82,,,,75,29,,,,,,31,,,,81,52,12,,,,92,,,21,,60,,37,11,,,93,,,,95,,35,72,,,,41,69,80,43,,,,,26,,91,,67,,
94,80,,,,,95,,,46,23,,,,,75,,83,2,17,29,,,53,20,3,,35,61,,25,26,,19,,11,,73,,,93,,60,,37,12,15,,,,,,,,,67,,56,,69,,,,,,,,,81,,,,27,52,89,49,,62,65,,16,6,31,,86,63,,32,,92,97,,,,87,,,,39,42
57,,100,,92,3,,,,,,27,81,89,12,,,,,29,,,,31,62,,,,,,93,,82,,,,40,83,,,,6,,,,56,26,,,72,41,,,87,65,21,,,43,,,,76,42,,,37,,,91,,,,,97,20,39,,,,2,,52,,,,,,,49,,16,,,11,,59,,,51
40,75,42,,12,,6,,,,,,,,3,62,82,,11,,56,,,,,25,,15,,,,21,,,86,,,37,97,,63,,80,35,20,,,81,,91,,,90,,,,49,,,26,,73,,65,67,,,27,32,,83,,,,51,,29,,,16,,,,,,61,60,47,,,,,,,,93,57,,,,72,69
,,,,81,35,27,,,,,,,,,,100,,,59,,,16,52,,63,23,,95,,41,,,12,42,,3,,,,2,,,,,25,76,,,,53,51,,,20,,,85,,,,29,,56,,,,69,97,46,89,47,,31,,,17,,91,57,,,,,,82,62,,40,75,,,,,,43,86,6,65,,,
18,52,,21,83,,,,,15,39,,72,,,,86,,31,37,67,46,,56,,,,,,73,,92,51,47,87,,,,,49,85,,,,,41,,62,27,43,80,11,76,53,93,97,,,91,40,,,,,2,16,19,,20,3,,,,,,60,12,,61,,,,89,,,,81,7,29,,25,,,,,,32,,23,17
,,63,,53,,60,,72,43,65,41,6,92,,,42,,76,,,,,90,,40,,80,100,,39,,,,46,,,81,,,,,11,67,,,,17,,21,,,12,,75,,,47,,,,35,49,95,,,,31,86,,,15,,32,,,3,,,,,27,,93,,,,,73,91,56,,61,82,,2,,29,,,,
55,,,,67,,16,17,,,,63,,95,,,,,,,,,27,,93,72,,87,,,41,,,,91,,,60,69,,,46,,,59,,,51,,,6,19,73,57,,15,,,39,,,,,,,,,,,62,,,43,,90,,,85,,56,,83,,,11,,26,,,,12,,89,76,,,,,,96
,,,62,,,,,,,,80,,,60,87,,20,16,,,,37,43,47,,,,81,,,,53,31,,52,89,29,72,,,,,32,,,,,42,65,,,46,,,,,35,,61,,,39,51,,,100,,,15,,,21,,,,,6,41,,,,,12,,,,,23,,,,40,,,,,,56,90,,
26,97,,,,69,,41,19,,47,51,,,,49,40,21,,,6,,12,11,91,,,75,,82,,7,43,,85,20,17,,,,31,52,,,,61,92,,86,,,2,,,37,72,,29,60,,,87,,,,59,,90,23,93,81,,46,,,100,83,35,63,,67,,,76,,39,25,,65,57,,,62,53,15,,,,,27
48,100,,,,81,,,6,,,,,7,,,,,,,59,72,,,,95,56,60,,,76,69,,75,,80,52,53,,,,93,,90,,19,,32,31,,,,29,,,,16,46,,,,,20,49,89,,41,,91,87,,,25,,27,85,,,3,,,,,92,,,17,57,,,73,,,15,63,,,,86,67
8,72,27,,41,85,,32,,,,61,,57,31,,3,35,17,2,19,,,,52,63,75,,6,76,37,,,91,,,,12,,,,,62,,42,,,23,92,69,60,,,83,,20,73,95,,,,,15,,,,51,,,,,16,86,39,,67,,53,,100,,,7,,,80,,,11,,,,25,26,,46,,90,87,88
68,76,23,,29,73,11,,25,3,92,,,,,,,,,,,,17,,,,,85,,,20,2,,,,59,,,42,82,97,15,87,91,26,,,16,49,,,,,,,32,93,86,75,,56,83,,,,,,,39,,,,,,,81,,,,19,,69,,,72,,,6,,,,,,,89,40,,21,,62
95,,21,16,,12,,,87,51,93,,,85,,,43,,19,,,97,,25,,86,,,,,,,,,35,,,100,32,46,,,56,76,,,,72,,20,59,,,39,,,41,,,6,,,17,61,90,,,,,,,,,7,26,,2,75,42,,,52,,91,31,,,,67,15,57,27,,,,,92,60,,82
,,57,46,40,,,,69,,,39,,,,,,,,,,26,31,,,,47,,,,,,,,,,,,92,,61,83,2,60,67,,11,,,100,89,,,81,56,25,,3,90,21,,7,,,,,,62,,72,,,,76,,,41,49,52,,,,,75,63,73,,,35,,,20,,32,12,85,19,,,,
,,90,26,52,86,,,91,63,56,,,75,,,,83,,,27,,,,21,42,73,,23,29,16,72,31,,60,,,67,85,6,,40,,89,37,57,,25,,39,46,61,7,,,,,,,15,92,19,,,,,,53,,,69,35,80,20,47,,,32,,,,12,,59,62,,,,87,,,3,41,2,95,,51,17,,76,,
54,,,,,,,,,42,6,53,,21,32,,47,,,,,,,,,12,89,81,,20,,,86,62,61,,15,,,25,83,43,,,,,73,,59,,,,26,37,,,,,69,,,,65,11,63,60,80,35,2,,,,,,92,72,,87,,,,,,,76,,85,95,23,,41,,,56,,,,,,,100,44
39,,,61,15,20,,,,,,76,,,,97,56,90,,25,,53,,35,46,82,69,3,80,,,,73,11,,,,,,26,47,75,81,,17,,41,7,,,67,,87,52,,19,,100,,,23,,92,,,,,,,,83,,63,,,12,21,,,,32,,29,,,,,,,,91,31,,,,37,,59,,6
71,,,,49,75,,35,,,,69,16,,,,,,91,,,,57,,,62,100,,,,47,,,39,,41,,,,,,,,,85,6,52,95,,,,17,27,51,53,2,23,,,76,,,,,73,,3,25,,26,89,,,15,31,46,,,93,,65,20,,,,,40,19,82,,,,,,,42,,,,72
99,,59,47,,,,,,,,12,,,46,41,,37,15,,87,32,,51,,,91,,92,,,40,7,27,93,19,,17,,,,,,,,,,,,,85,,,43,49,,65,,72,,,,57,,52,,,42,75,21,,23,61,,,6,56,,73,,,,,,25,16,,,100,,11,,,81,69,,,53,97,18
91,,,,,15,,,,75,100,42,,,,90,,,,41,,,51,,87,,,,76,,12,,,,,63,69,59,,,,56,,11,21,72,,,,26,27,,49,,81,86,7,,85,67,,,52,92,93,,,,,57,,19,,20,,89,65,,,,37,,,,16,,53,29,25,,,,73,,6,,35,82,95,22
,,11,,92,2,,,37,41,,,62,,,82,,,,97,,61,12,60,83,,,,,95,43,26,,81,21,86,,,7,,,,,59,31,,,19,,,,,75,,73,,,,,,,51,20,,65,100,67,,,,56,,53,,,40,,49,76,,15,,72,27,,,85,32,,42,,47,,,,,29,57,,52,,
63,62,,,43,,,81,,80,,20,27,,52,,,,65,,,,,,31,69,,47,16,93,,,,,89,23,,,,95,,73,85,46,,,49,,2,,19,,,,,,,,12,82,15,,,,41,91,,,,39,,56,37,,83,32,59,,,75,,,,,100,,6,,,,,,51,,,61,,,,86
,,73,,,19,86,,,,83,7,,,11,17,21,,,,76,80,,,40,49,,29,37,65,,,56,93,,31,42,,41,,,91,,47,97,75,,,,,,,57,,,,,39,,,2,,89,25,,85,32,,69,16,,92,,87,,52,,23,82,,81,95,,,,,,,,,20,53,,,,67,43,,,,,
3,23,39,,82,,67,27,,32,,92,85,,,37,,,95,12,86,,81,19,,46,,,72,,73,,,49,29,52,,25,,91,,,,,,,,40,,,15,,51,,6,,,61,,,11,,,,31,87,26,,,,,,,,62,,,42,,,,,80,89,43,,,,59,75,93,,7,21,20,16,76,83,,97
,,20,,,,,,49,,,,75,,40,91,43,,61,,,85,56,67,,15,,23,52,,,,16,87,,,,,,,,89,,,,,92,,,,,,72,,,,,59,,,83,,,63,,,,21,73,2,,,,,25,6,51,100,,,,,82,,41,12,86,46,81,,31,,,,,,65,,39,,,
,,93,,69,,,,,51,16,56,32,,49,59,,31,60,86,,,,,75,,91,89,26,,3,,,,20,,,39,6,37,,27,,,,,,65,,61,,,,,,,41,,,,87,,72,,,,,,,,90,97,,73,80,85,,,,,,,63,,,92,15,83,,,,,,,46,,2,,,,,
76,85,,,,,17,65,100,47,63,73,51,,,,,80,,69,39,,20,6,,59,53,,,,,,,,,43,,,,,25,,29,86,90,,,,35,81,,,,,,,26,,37,,,,,,82,,,,62,,,,91,93,46,2,16,,,31,19,,,49,57,,,61,40,21,,,12,,,,,,41,92
4,46,,,,89,,,26,,29,16,,,,81,6,,,93,21,82,73,92,7,,,,11,,83,,,,2,,53,65,,,,,100,,41,,,15,20,,76,42,,97,,,,31,,,,,59,80,,,,,,40,,39,,,,43,,72,86,69,47,,17,,67,,52,,51,62,,75,,,19,,,,91,49
,,,,,,,,,,87,,15,,,,,,89,,,,,,62,27,,2,,,,80,82,,,,,51,75,,,,42,,,3,,,53,,12,43,100,60,,,35,25,,20,32,,86,81,23,6,,,,,47,,,,,,,67,7,95,57,,,73,,76,,,,26,,,,,56,17,72,37,,,,
2,6,93,86,16,49,,,,29,27,56,3,,,,,85,,,,65,75,,,,63,,25,,46,41,,,60,81,,,,32,,,20,89,100,,90,,,,,40,,23,80,12,15,7,17,,57,,,,19,21,11,,67,,,82,,,,97,,47,87,39,59,62,,26,95,,,53,,,37,,,,,,,,,61
,,,,,52,40,,,85,100,,,59,,,,,,,81,,,,32,2,,,,,,,49,,89,,,62,86,,,,51,75,,,,6,57,93,,,,,,,,,21,,35,,,39,20,65,,7,,,17,,12,67,,,,69,,,,31,,,82,15,,11,,,,63,53,,,,95,,,27,,
58,,32,90,69,,97,,81,59,2,25,,86,60,76,12,92,7,75,,,,57,53,15,,,,,,,,,,,,,,,,,,,,91,,80,85,,,,11,31,27,,,,73,,,,,,,,,,,,,,,,,23,,,89,,17,65,83,20,,49,29,,,,,6,,47,,21,,26,,4
34,53,,3,26,,46,42,,,82,67,,52,,63,17,57,21,65,92,,,,,51,,,,,87,20,,,,,47,23,,,,49,,29,,,97,2,41,,,91,69,89,19,100,,,,39,61,,16,31,,,,,27,,37,,,86,32,,,,7,62,75,12,,,,,,,90,80,,,81,60,40,,,73,11,99
,,,,,,,,89,,11,,,31,93,,,49,,,95,,52,82,60,80,,,,91,,69,,,17,63,76,,42,,,59,,7,,40,,,27,,47,56,,67,,,6,,,,97,,,,,,75,,,,,,,,,,19,,,,,,,,37,,57,,21,,,72,100,,,,,,,,,
41,12,,,,21,,,,91,37,,87,29,,,32,,,11,17,20,,,23,,,,,,95,,,,73,,,,,67,,,3,61,19,,,,69,,,,,,90,42,72,,,,92,,,,25,89,,,,51,85,,,,,,,6,100,93,,,,47,,,86,16,,76,75,,31,,,49,,,56,59
56,,47,,,,,,75,35,,,,46,19,73,97,,,,41,,,,,,,,,90,,,,,,57,,,31,65,16,,,,,,,92,83,,86,,,,60,,63,37,,85,93,2,,,,,82,,26,,11,,,21,,,,,40,29,,,,,69,100,,,23,42,,67,80,52,,,43,32,,91
,,,19,,,,60,82,17,,,,,,,40,89,,,,35,,,27,16,56,61,,47,85,,75,21,12,25,,,52,,,53,,,,,,43,,26,11,62,29,,,95,,,,,,,,,,,81,,59,49,,72,91,,,15,92,,,51,,41,,,,3,,,,,93,,46,83,2,,20,,69,65,,
,,,,,,,,,65,63,,,62,16,72,23,90,,,,,76,,,89,,,,83,29,92,59,3,,,,,,93,,,,46,52,82,,,21,,,,,,,,,,53,,,,69,,32,,,86,85,,100,,95,,81,,80,,,,43,,,,73,,91,,67,,,19,,41,87,,,,,,,
92,,,43,51,,,,,,,,,,,,,42,,,,62,21,,,,,86,69,,29,,,53,,27,,,,,76,,,72,,,,63,17,87,46,16,75,,,,20,,,41,,,,52,,,80,,,,,49,,,,31,,2,83,,,,81,,,,,89,,,,93,,25,97,39,82,,,57
33,,69,,,62,57,,,,,29,15,59,,,95,19,,,81,,,,,60,82,72,,37,,32,63,65,53,,92,3,,80,,16,,17,,27,39,,,,23,,,47,51,56,,26,31,25,,,,,,46,52,91,,,87,,75,89,,,97,,,12,,7,,,42,43,,41,73,,76,,,100,49,,,6,,11
24,,16,40,,31,61,,,76,57,,,,7,80,75,69,,47,,,46,,,,,,,,,11,,62,,,35,,,,21,,,26,52,63,,43,51,83,3,67,,27,,,17,82,,60,86,,,,,,,100,56,25,,,59,,,,,29,,72,,,,12,93,2,,,,,39,,87,,42,,,,,19
32,,,63,59,,43,87,,95,12,,42,81,,,72,,,,,,,3,69,,,49,39,,,,,,,,15,,76,,86,25,,53,11,,,,,,,35,,7,,57,2,,,19,,31,,27,26,,,,61,41,,47,93,,,,20,73,,,,,,46,75,,89,56,37,,92,,,62,,,,,,8
74,27,,,97,,21,,72,,,,26,23,40,,,31,63,,,67,80,,,76,,,,6,,,,,,,,29,20,,73,91,42,,,,,47,12,,,89,,,,,,41,11,86,81,,19,35,95,,87,,,49,32,,60,,3,,43,,82,,,,,,51,,16,17,39,,,52,,65,,,53,,7,2
,,65,49,91,23,,53,,,,,,52,,93,,,,6,,100,,,29,,,57,,,20,59,,2,,21,56,,,72,,,61,97,,,,,,67,,,,,,,37,,80,46,15,89,47,,,,,12,60,,16,,69,41,42,,,62,,,,76,,82,,,,,83,95,,,,17,35,51,25,27,,,,
17,41,86,,46,39,,,,,85,,,,76,,2,,,83,11,,,,51,47,,,,,,,42,25,,,,87,,,82,95,,,,90,56,,,15,32,,,,100,,,,16,,,,53,97,,,,63,,6,,,,,,7,,,,,29,,,35,,,,,,,89,,,,,31,,,3,40
,,,82,35,3,2,20,,,,,,,53,86,,,,,61,,95,87,15,,,,,,,81,83,,26,,,,,,,,72,,,7,,85,,89,23,40,43,,29,,63,,76,62,65,,,,,,,42,,59,,,92,,37,,,,51,,,100,11,19,,52,,,,,,21,,,,,12,69,97,,,
51,,,7,,,,,47,,,82,90,,,,,,3,,53,,,,86,,,,19,91,,,46,57,,,,,27,89,41,87,37,59,,,,31,75,93,,,72,,,,,52,,20,85,,,,,39,17,83,76,,21,,,,56,,,,,,,26,49,,,,61,,15,23,,60,67,,29,,,,,77
37,,,25,,,52,,,,91,97,,,,,11,27,51,100,,17,26,43,,21,,,,12,16,,,,,86,75,93,82,39,20,69,76,,92,,35,49,60,,81,,85,42,,,6,,59,53,2,,,,,,62,,,,,65,,,61,,40,,15,23,80,3,,31,87,,,63,47,,56,,95,41,83,,72,,,30
,,,60,26,,29,15,,,,,,,73,,89,,43,56,,,,,,,,,,,35,,,,,17,,41,31,,100,46,,,,,3,80,6,,32,90,49,83,21,,95,,,69,,,,,82,,,,,,,19,,,,,,,52,,76,62,92,,,,27,59,,20,,,,85,23,16,47,,,,,
,,,56,,25,,75,,,,,47,,100,,17,,23,89,90,57,,61,,26,,,,59,15,,,,,43,,,,,73,7,,,,81,87,42,60,72,,12,41,,46,3,16,,,6,49,63,,,,,65,,,,,52,,21,,,86,,,,,40,,,,,83,20,,,,95,,,19,91,32,,51,,,
38,,,,,57,76,,53,97,52,,35,,,29,,20,60,,,31,23,67,,,95,,,87,86,,,,,,,56,,51,26,100,,47,,,,39,46,85,,,19,63,,73,,27,,42,,93,2,16,,,32,11,82,,41,,,49,80,,,,37,25,69,91,15,59,,,,,21,,,72,92,17,90,,,,,12
89,,,59,,7,,,40,,53,,91,,,,87,,,,93,,,,,29,,,,,,80,72,,75,,,,49,,,67,61,23,,,31,12,37,56,95,,,,,,,97,,43,,,,69,,17,,6,,,,76,,,82,15,,,,11,,,,,,,,,3,,,47,27,,,,60,,21,38
,,,87,,47,37,,,,92,,,,2,,83,,,,,,21,,16,,,27,,32,,,95,89,69,,,,46,,,51,90,,,15,,20,,97,59,39,61,52,72,17,,,60,23,,,,,,,,75,12,,,,,,91,,,,,43,,81,,26,,,65,,,76,,40,,86,,3,35,67,,80,,
1,43,17,,,95,,,,60,75,,,,,,,,32,,51,,,,,,,,,,,47,65,59,,91,11,40,,,92,19,,,,86,,,,89,,,,90,,,,,80,,,,46,,,,100,39,41,23,,,,,,,,,,6,,67,,63,,72,,,,37,,,,,52,15,,87,,98
,,,73,49,39,63,12,51,,,,93,,,97,,,,81,,89,,,46,72,,52,43,35,47,32,,25,,,92,,,,85,6,,,,,,,,,65,,15,,,,7,,,53,26,,,,,67,,95,,,80,59,87,57,3,,,60,,,40,82,,75,,56,31,,86,,,,,11,42,,,41,23,16,,
46,32,,,91,,69,,,85,72,41,63,,51,12,,,,62,82,,,,,20,,,,60,,,,7,,2,,,,57,3,29,,27,,,,,73,,,,40,,,,100,,35,59,26,,21,15,37,,,,,,,83,,,81,,19,92,47,97,39,61,,,,,87,,,,31,89,,49,,6,,,53,56
52,,,,,,19,83,2,6,,59,80,15,73,,,49,,,,,92,,,,,,,,3,23,,,,,26,,21,,,,,69,93,,82,,,,,76,,25,,,86,,56,91,,27,,72,40,20,,,7,,,,89,,,,75,,,,,,57,51,46,32,95,100,,11,,85,,,,,97,,,94
100,,,,,93,86,31,,21,,,57,,,11,26,40,,92,,,41,,,,,80,,49,6,,52,67,,,,,,15,,43,63,,,,,,95,,47,62,,,32,51,37,20,,,,,,85,,,97,87,,81,12,,2,23,,,,69,,65,90,,16,29,53,25,,35,,60,59,83,,,,,73,,,50
80,26,,,,41,,,,,3,21,19,42,,67,27,95,46,,,,40,,,,37,,,56,,39,60,,,,100,,,87,52,,17,57,91,,,35,,16,,,,,85,83,,75,92,,,,,,,76,89,,25,,93,,72,32,,,,31,,,,,97,,73,,49,,43,47,29,,,20,81,,,7,,65
19,,,51,,,59,,49,,,,20,37,,47,,29,,,,,,,,,,,,,57,,,2,,,21,,,,,,,,43,,,97,42,,,,56,,,,,,,63,90,,,41,,,,,,95,,100,85,,,,,80,,,,,86,7,81,,35,,,83,,,,3,53,82,,,,25
,,,,,,,91,97,83,81,,,89,51,,,69,,,,40,29,,37,,,20,,,,42,,,100,,,,,,,,,,32,23,,,73,82,,,80,3,,,75,,65,,,,,,6,,,,,,92,31,52,,59,,,,,2,87,,,,67,47,,,15,,,,17,60,12,,,,,,,
,,,,41,42,,2,,,,32,85,,97,,19,60,,,15,49,61,,81,83,17,90,,31,27,,,95,,,,,,,,29,,,67,,26,21,,,,,20,,,,,,,,62,,,23,,,57,76,72,100,,56,86,,,,65,3,,,82,46,,,,59,,37,,16,91,,,,75,,,39,,,,
30,,,,,,,,,53,,,,76,,,93,,,,,47,,,,,26,,87,89,,27,,40,,97,,,,43,,12,51,,,,,3,52,90,83,,,,41,,19,42,,57,46,73,,59,16,,65,,86,,,61,,,,,,,32,37,,,,,49,75,21,,31,6,81,29,,,,,62,72,,63
78,29,,,,17,,16,20,,62,,21,,,,,,27,82,43,19,,73,,,,32,,52,7,85,,,80,37,61,,,6,,,,87,2,39,,,81,,,,,,11,,90,35,,,,,,,,,,,,12,67,,,,,40,46,,92,,53,,,100,,,97,,,,69,42,,,86,89,,,57,31
,,,,,,32,,60,,73,,,17,43,81,72,,,,63,,39,62,80,,,,,42,,31,,,,46,,,,,,,,6,,,,,,,19,21,,,,,23,,,,,,,29,,91,49,,,,52,,75,,,,69,57,,35,,,,,,,26,,25,,,,15,16,,37,,,,,,
86,89,63,75,65,6,,76,,,95,31,,,,2,,,,73,46,3,,,,67,,,,,39,25,,,82,,,47,,41,72,,,80,,57,37,,62,,,60,81,32,,,12,,7,,,,61,87,,42,,26,17,,16,,,,,90,,,,,,19,56,23,20,,,,,85,,,59,11,,27,52,40,,35
66,,,27,90,,93,46,62,,59,,,80,,6,,52,,26,,,,100,95,,,,,63,,,,,,,,89,,,17,,,,56,,91,,47,,,86,61,76,,29,,,40,37,,43,,,,,,,,,25,,,,41,,,,,,72,57,92,32,,42,39,,87,82,,,,,73,,65,2,,48
,,67,,56,,80,,,35,31,,,,65,,,,,,23,,75,,85,,57,,,82,,53,62,,,,16,87,,,,,86,,,,20,89,61,15,,,6,,,25,,,92,100,,,37,,51,,,39,,97,32,91,81,47,,,95,,,,,52,,,,,,73,11,,17,83,19,,,,,,,26,,
72,,,82,85,,,57,,,67,40,49,,16,,35,25,,,,41,,,6,,11,,,86,23,15,,,90,17,,,81,,,65,27,,,31,75,,,,,52,,2,73,59,87,43,51,,,62,,,83,,,,93,19,60,,,29,,76,,39,,20,63,,,69,89,12,,,,,61,,46,,95,,,91,32,47
,,,,,7,97,85,,,82,,26,,,,53,,,,,20,60,,23,11,,31,,,21,52,,,41,,,80,62,,,15,,,63,,,,46,,39,,59,86,,,3,,,95,,,25,,75,69,,73,81,,27,17,,,56,,,89,67,,,,49,91,,,,,,72,,32,,,57,93,,42,,,,
65,86,,,,43,,,31,,42,81,,90,,20,,93,,72,27,69,,59,19,,,,,,,87,,,83,,,,,17,,,,,6,,29,85,,40,,,,,,76,32,25,,,52,,3,,,82,,,95,,,,,,,,91,,60,92,,,100,16,2,,63,,97,46,,23,,,75,,,,,79
29,60,,,,,80,,27,62,,35,97,,,39,,41,,43,,,91,,,,49,2,,,,6,,,,93,,,,,57,53,12,,,,,,,67,,,,,,69,,15,,,,,,,51,,,,,,,,95,,11,,,86,,47,89,,61,,26,,,3,32,,17,21,76,59,,,,,,7
,,,,,,32,,61,12,86,19,23,,,56,,,85,,,,,82,,,16,,,95,2,,,,,,46,15,29,,,,,,73,,,,,,,93,,,,,,,87,,,91,,,,,90,,,43,,,81,6,76,,80,37,,,,39,,,,7,,20,,27,62,3,,,,53,25,,69,,
,,,89,,,,,,,,,57,47,31,6,3,65,91,,,,,42,76,29,61,,,,,,,,43,,,,92,,,,,,56,,,,,19,,,39,90,,20,,,,,16,,,,,,,,41,,,,,,83,,73,93,,75,32,,15,,40,,,,82,,52,,,49,,,,,85,81,,
49,69,53,,,,35,90,,,46,60,2,,,15,,7,76,,56,,86,,,85,,,81,,,89,57,,67,,,,26,,,,82,,20,,,,,37,,,6,,,91,,12,,,42,97,47,,32,62,63,61,31,,,43,3,,,,51,,,52,,25,,,,,,59,17,95,27,,,,,,83,16,,29
,,3,2,,,,,,,41,,,,75,21,27,100,67,,49,72,15,83,,,52,,,51,,,65,76,,32,,,37,61,,90,,,93,,,,,,,,85,,60,,81,,,,11,,26,7,,,,,89,,,,62,39,,,82,31,97,19,,57,29,6,,,92,,,,35,,73,,,46,,,86,43,,
81,40,,,,,63,20,,,,,83,17,95,69,,,,,,7,65,41,67,80,,6,3,,,,,,51,53,,,,,49,,43,21,,,,,32,76,31,,,56,,,46,,,75,39,,,,57,35,,,,,90,,,100,87,42,25,15,27,,,85,,,37,,,,62,,82,,61,,,26,,,2,58
,,,,15,57,,,47,91,19,,,,,63,,,62,92,,25,93,,,,,,,,,49,21,85,,59,95,,20,35,3,,,31,81,,,87,,,,,37,,,,,42,,,,6,60,,76,,,,17,,86,23,46,,,29,,,,,26,83,75,,,,67,12,,,41,51,,,,72,56,,,,,
93,37,,76,,26,,6,,,,52,,,,,,51,,,,100,97,17,47,,,92,75,,,,,81,,25,27,,,,,7,,,62,,,91,,3,57,,,,,43,29,,89,,,15,72,83,,,2,,,46,53,,,12,,16,,59,85,,87,,69,,21,,80,60,,65,90,,,,35,,31,,40,95
9,,,29,,25,90,,,7,,,,,26,61,,17,,,16,80,,87,97,,,21,,,89,67,,,,83,,,,,,85,,39,72,,23,,11,73,91,3,,,62,,,,2,,,,82,,,,,57,52,76,,,35,19,,41,47,,53,27,,42,37,,40,20,,,,,,,,69,,,51,,31,100
50,51,,,37,59,,26,,,,11,,63,,,,,29,,,,,,57,43,40,,,83,75,,6,80,,72,,,,,35,,,12,32,53,,,,27,73,25,,95,,17,,,,61,,,,,46,,49,93,,,,,,65,60,,,,,,,,,,,,15,,,,7,,,,47,87,,,92,70
6,,81,32,93,,,,42,,,37,,,,,51,87,,80,47,11,,,,,,27,49,31,,,26,82,,,,,,20,,21,,65,95,,,17,,,53,,,85,,,43,,41,90,97,,,,,,67,,,,,7,69,,12,25,73,,,16,56,,46,,,,,,83,,2,91,,72,76,19,40,35,61,23
47,16,,,,,,,15,17,,,,,56,57,,65,,,,,,,72,,92,7,82,2,,,51,29,,41,,91,,39,,,76,19,,,52,,90,43,,,,,,69,,,,42,27,83,100,26,60,,,,,73,11,,3,23,,21,87,,,,,,,,,,80,35,,,,25,86,32,,,,,,,85,74
,,,40,65,,,,63,23,,,,,6,,31,82,73,,,69,,,,61,,,41,26,,,,17,32,,,59,,,27,,97,,42,,,,,25,,,51,,86,,,49,57,52,56,,,37,12,,2,,,35,,39,20,92,85,,62,15,83,,91,,,95,53,,81,,47,,,67,90,43,16,,11,75,,60,,
,,56,41,67,20,,62,,,,,89,,,,35,81,,,,,,29,,,39,51,,,,,,23,,,,,,53,,60,31,,,,,47,,,7,11,,,,75,,,59,,72,,80,,19,,61,,,,,,,,82,,,,,97,,,,,2,91,90,,,,,6,25,,83,21,17,12,95,,,
21,,31,,,19,,11,46,52,16,,,39,,,,,90,,,,85,,,,86,,15,,,12,,76,47,,,61,,40,,,80,75,,,,37,,,35,,23,,,,81,,,,91,95,89,62,56,41,25,,51,,,6,,43,,,72,,,67,,100,,,17,,92,,57,7,49,,53,,,,63,,,93
85,91,97,,,,,,92,57,21,,,,,62,,,25,,75,,,,,,,76,,,43,90,,,,,,,63,7,83,,,16,46,,,,,,,,47,,,89,,,,100,31,,,,23,53,,,87,,,,,11,51,,,56,,,,41,,,60,,,,,72,,,,,80,,,27,,52
83,39,95,,,76,3,43,,49,,23,,47,,,,,75,7,91,,25,,,35,93,53,12,19,,,97,37,,,73,2,,,67,,26,40,,,69,41,100,,82,87,80,16,,,60,,,29,,,27,,,,81,,,,,,,63,17,52,,89,,90,61,51,11,21,,59,62,,,,15,,56,,,,,57,,45
60,35,72,,,,,,,61,,,,41,,,,,,,3,23,,95,90,,,20,56,,85,,,,,21,25,19,,16,62,,,,,,,,57,,,97,32,,15,,67,,,7,65,,69,,63,,6,,47,,,,,,37,75,76,,26,49,,,,52,,,,12,,,42,39,,82,,,,,,73
70,,,,,87,,12,86,37,73,,100,91,27,93,42,63,53,,,92,32,90,,,35,97,,75,15,,61,,,,3,,43,,,,,51,60,25,83,,,21,,81,,41,7,,62,85,19,46,,,,26,39,,,76,89,,,,,,,72,82,20,,80,11,59,,95,65,47,,52,,69,,2,29,,56,,,,,28
,,59,,,,,51,,,69,89,,56,,,86,92,32,,,,49,,,,,3,17,,,,,,,72,7,90,27,40,37,,2,91,43,,,,20,,,,,31,,,,97,,,,,,62,,12,,,95,,,,29,15,87,,,,23,,,,,,85,39,41,19,,,,26,82,,67,,,,42,25,,
22,,,,63,,25,52,,40,,87,,,,,,,,,7,,15,,,,,11,,,,,,,6,32,83,69,67,,,26,,,,,,,80,86,,27,20,,,,,47,29,,,3,100,2,,51,,82,,85,,,90,,92,56,,93,,60,,,,,62,,,,,,16,,,,,97,89,,,41
,,,,,,16,,62,,72,19,,67,,,52,,46,,40,,,2,,65,,,,,51,,,41,,,,89,76,,,42,23,,15,,,,,7,17,,53,,37,,,3,90,63,,21,92,32,47,,,59,75,,,,,,31,,39,,,,,25,,20,,29,,,80,6,12,,,,,,,,,49,,
97,,3,20,,,,,,27,81,,,35,,,21,82,,,,59,,,,,,,89,57,17,,86,51,12,,,,,75,32,,,,53,93,67,100,6,61,,92,95,,76,,,,25,,87,,,,,56,16,19,63,29,,73,,,,26,,,41,,15,31,40,72,,46,,2,,,52,,,43,85,,7,,83,90
,,,43,19,95,,,75,,,,83,76,,3,7,,,,,,,6,,41,27,,29,,,91,,53,,,,,16,,25,,,,35,89,,73,,,,17,,,49,,,56,40,,,69,,86,,15,,57,,,61,100,,,97,47,,52,32,,,,87,51,,,,,37,63,,,,72,,92,81,23,,,,
79,17,,,60,65,,29,,,,,,,,90,,,,,51,,63,,,,,67,,62,25,,,,,,,,95,,21,,57,11,85,31,,72,,56,,100,82,59,,,39,,,86,,,,41,,,,91,,,,6,,,,,83,,,76,53,,,32,,35,,75,,,,,,,3,73,,93,,47,,55
67,,46,,53,11,,,32,,97,17,,,69,16,,72,,,,,,,,87,,,,,82,,47,52,,,,,62,,,3,,,29,,,,,,,,,15,,,,,,,,81,,,,,,,,31,,,,,,37,85,,,59,,,23,,,,91,93,89,,,95,,,27,60,21,63,,39
77,31,,57,,83,47,,21,23,11,2,12,,39,95,61,,41,85,26,,53,93,82,,60,42,37,,100,,,92,,,,,,,,,49,,65,,40,,,,,,35,,16,52,89,,,,,,73,,,,20,,72,,,,,27,67,63,,46,81,,3,,,43,97,17,,,7,90,,51,,6,,,86,,19,5
,,,,85,,,,39,,,15,,29,,,,59,,43,,,,95,,21,,,,23,,11,,20,87,,26,97,,,,12,81,41,92,,47,,19,16,,,32,91,,72,,57,6,67,51,80,,,,,,60,65,,53,,89,40,,,,,3,,86,,,,83,,,100,,,,35,,69,,,,,62,,,